9
4
21
5
35
48
36
59
50
77
76
78
86
102
22
104
109
122
131
134
162
167
169
177
178
187
158
192
188
197
200
202
226
228
229
231
242
253
257
264
272
276
279
283
281
258
292
313
319
302
328
327
326
344
348
354
369
341
372
387
356
402
403
375
407
417
423
413
410
430
432
427
440
431
463
472
467
477
480
479
484
489
496
501
495
510
506
509
525
524
528
535
537
548
534
554
555
538
558
559
571
572
573
575
569
597
589
610
603
557
611
636
638
618
643
644
646
648
665
661
676
679
691
671
710
617
702
714
716
718
712
719
734
746
759
778
762
780
779
733
786
788
794
799
804
800
811
816
810
806
824
825
831
834
817
855
861
864
866
868
874
872
890
892
891
898
910
920
921
934
944
945
949
952
959
957
940
968
962
978
992
1000
1006
1013
1014
984
1015
1019
1023
1024
1035
1037
1038
1042
1053
1055
1056
1063
1069
1041
1082
1073
1086
1089
1102
1096
1083
1106
1105
1121
1114
1129
1132
1109
1133
1137
1139
1145
1142
1149
1155
1161
1167
1175
1176
1152
1177
1183
1195
1184
1196
1200
1206
1220
1227
1224
1236
1251
1253
1249
1257
1270
1275
1276
1278
1306
1315
1318
1235
1328
1330
1333
1343
1347
1349
1352
1365
1370
1371
1327
1380
1383
1392
1385
1374
1396
1395
1405
1398
1416
1421
1425
1427
1429
1449
1424
1450
1456
1469
1470
1489
1497
1436
1498
1515
1483
1526
1516
1499
1531
1536
1545
1571
1574
1542
1579
1563
1599
1603
1586
1611
1612
1610
1627
1633
1638
1650
1663
1680
1683
1692
1699
1701
1703
1705
1706
1718
1657
1720
1590
1728
1733
1738
1739
1759
1775
1791
1780
1794
1797
1802
1803
1805
1811
1812
1817
1823
1826
1833
1840
1845
1870
1850
1864
1872
1880
1873
1881
1887
1882
1894
1896
1891
1911
1915
1912
1934
1939
1921
1959
1954
1958
1986
1981
1982
1997
1991
1988
2017
2014
1998
2032
2024
2026
2046
2038
2039
2053
2049
2051
2061
2058
2065
2076
2066
2069
2077
2090
2080
2093
2108
2095
2114
2117
2123
2124
2128
2125
2147
2163
2168
2169
2182
2189
2192
2199
2197
2207
2233
2209
2245
2264
2258
2299
2310
2292
2325
2315
2331
2333
2372
2383
2424
2467
2471
2570
2580
2320
